00000000000 10000000010010010001
00000000000 01011010000000000010
00000000000 00101100000000000000
00000000000 00000000000000000011
00000000000 10000000010010010001
00000000010 10000000010010010001
00000000010 01011010000000000010
00000000010 00101100000000000000
00000000010 00000000000000000011
00000000010 00000000000000000100
00000000010 10000000010010010001
00001000000 10000000010010010001 
00001000000 01011010000000000010
00001000000 00000000000000000100
00001000000 10000000010010010001
00001010000 10000000010010010001  
00001010000 01011010000000000010  
00001010000 00101100000000000000  
00001010000 00000000000000000011  
00001010000 10000000010010010001   
00001010010 10000000010010010001 
00001010010 01011010000000000010
00001010010 00101100000000000000
00001010010 00000000000000000011
00001010010 00000000000000000100
00001010010 10000000010010010001
00000100000 10000000010010010001
00000100000 01011010000000000010
00000100000 00000000000000000100
00000100000 10000000010010010001
00000101000 10000000010010010001
00000101000 01011010000000000010
00000101000 00101100000000000000
00000101000 00000000000000000011
00000101000 10000000010010010001
00000101010 10000000010010010001  
00000101010 01011010000000000010
00000101010 00101100000000000000
00000101010 00000000000000000011
00000101010 00000000000000000100
00000101010 10000000010010010001 
00010000000 10000000010010010001 
00010000000 01011010000000000010
00010000000 00001100000000110000
00010000000 00000000000000000011
00010000000 10000000010010010001 
00010000010 10000000010010010001 
00010000010 10000000010010010001 
00010000010 00001100000000110000
00010000010 00000000000000000011
00010000010 00000000000000000100
00010000010 10000000010010010001 
00100000000 10000000010010010001 
00100000000 01011010000000000010
00100000000 00101100000000000000
00100000000 00000000000000000011
00100000000 10000000010010010001 
00100000010 10000000010010010001 
00100000010 01011010000000000010
00100000010 00101100000000000000
00100000010 00000000000000000011
00100000010 00000000000000000100
00100000010 10000000010010010001 
00101000000 10000000010010010001
00101000000 01011010000000000010
00101000000 00000000000000000100
00101000000 10000000010010010001
00101010000 10000000010010010001
00101010000 01011010000000000010
00101010000 00101100000000000000
00101010000 00000000000000000011
00101010000 10000000010010010001
00101010010 10000000010010010001
00101010010 01011010000000000010
00101010010 00101100000000000000
00101010010 00000000000000000011
00101010010 00000000000000000100
00101010010 10000000010010010001
00100100000 10000000010010010001
00100100000 01011010000000000010
00100100000 00000000000000000100
00100100000 10000000010010010001
